15 0.2078125 0.59296875 0.246875 0.2453125
15 0.57890625 0.5453125 0.2296875 0.196875
15 0.4171875 0.703125 0.25625 0.1875
15 0.67421875 0.6734375 0.2171875 0.19375
15 0.86796875 0.62421875 0.2046875 0.1421875
15 0.7015625 0.48671875 0.209375 0.1703125
15 0.5359375 0.21640625 0.178125 0.1921875
15 0.72421875 0.30703125 0.1921875 0.2015625
15 0.86875 0.49921875 0.153125 0.1296875
15 0.46796875 0.3546875 0.2109375 0.203125
15 0.32421875 0.46640625 0.1921875 0.1640625
15 0.19140625 0.3484375 0.2265625 0.11875
15 0.35859375 0.28046875 0.1734375 0.1421875
15 0.12109375 0.47734375 0.1921875 0.1546875