15 0.19296875 0.59296875 0.1296875 0.2046875
15 0.74140625 0.73515625 0.2078125 0.2734375
15 0.61640625 0.3234375 0.1515625 0.284375
15 0.45546875 0.3234375 0.1703125 0.178125
15 0.2921875 0.290625 0.184375 0.240625
15 0.12578125 0.30703125 0.1796875 0.2578125
15 0.37578125 0.80625 0.1390625 0.215625
15 0.46875 0.5171875 0.175 0.225
15 0.70390625 0.503125 0.1890625 0.209375
15 0.909375 0.5953125 0.153125 0.29375
15 0.7796875 0.17109375 0.225 0.2921875
15 0.53984375 0.115625 0.1953125 0.23125
15 0.35546875 0.0921875 0.1890625 0.184375
15 0.2203125 0.1109375 0.096875 0.178125
15 0.17421875 0.8453125 0.0921875 0.159375
15 0.31328125 0.86015625 0.1796875 0.1859375
15 0.6703125 0.94453125 0.115625 0.1109375