15 0.16953125 0.49609375 0.1203125 0.2265625
15 0.20390625 0.290625 0.1421875 0.221875
15 0.32109375 0.19140625 0.1484375 0.1484375
15 0.33984375 0.41875 0.1953125 0.271875
15 0.321875 0.5875 0.1875 0.203125
15 0.440625 0.37578125 0.121875 0.2734375
15 0.58359375 0.5015625 0.1859375 0.25
15 0.5171875 0.67421875 0.19375 0.2296875
15 0.6703125 0.78984375 0.20625 0.3046875
15 0.79375 0.621875 0.171875 0.215625
15 0.8296875 0.38359375 0.146875 0.2640625
15 0.6984375 0.2671875 0.146875 0.2125
15 0.57421875 0.33828125 0.1515625 0.1234375