15 0.3625 0.47109375 0.19375 0.1515625
15 0.346875 0.28125 0.19375 0.18125
15 0.78046875 0.43046875 0.2640625 0.1890625
15 0.51953125 0.196875 0.1953125 0.15
15 0.23671875 0.71015625 0.2390625 0.1671875
15 0.1 0.55859375 0.2 0.1734375
15 0.08984375 0.3296875 0.1796875 0.178125
15 0.1609375 0.2046875 0.18125 0.14375
15 0.58125 0.50234375 0.1625 0.1671875
15 0.7375 0.153125 0.2625 0.128125
15 0.871875 0.05390625 0.25625 0.1078125
15 0.72734375 0.88125 0.3015625 0.1875
15 0.6546875 0.69609375 0.221875 0.1359375
15 0.83671875 0.6484375 0.2015625 0.15625
15 0.24921875 0.86796875 0.2484375 0.1453125
15 0.46796875 0.784375 0.2234375 0.15625
15 0.12265625 0.05625 0.2109375 0.1125