15 0.37890625 0.8609375 0.1515625 0.215625
15 0.5328125 0.83828125 0.153125 0.2328125
15 0.7140625 0.63828125 0.1375 0.1921875
15 0.809375 0.52109375 0.178125 0.1421875
15 0.76484375 0.375 0.1078125 0.171875
15 0.62734375 0.34765625 0.1359375 0.1921875
15 0.55703125 0.67890625 0.1796875 0.2046875
15 0.73125 0.24140625 0.1375 0.1140625
15 0.52265625 0.24296875 0.1578125 0.1859375
15 0.44140625 0.11875 0.1234375 0.115625
15 0.32421875 0.225 0.1484375 0.1375
15 0.21328125 0.4796875 0.1140625 0.221875
15 0.3078125 0.60078125 0.146875 0.2015625
15 0.4953125 0.5265625 0.140625 0.115625
15 0.3875 0.5421875 0.109375 0.203125
15 0.384375 0.38046875 0.18125 0.1390625
15 0.240625 0.37265625 0.103125 0.1765625