15 0.3296875 0.5375 0.140625 0.2
15 0.55625 0.46640625 0.134375 0.1546875
15 0.7234375 0.5125 0.13125 0.184375
15 0.6296875 0.2453125 0.109375 0.19375
15 0.43671875 0.240625 0.1328125 0.121875
15 0.19375 0.3859375 0.125 0.221875
15 0.08125 0.65390625 0.15 0.2109375
15 0.13515625 0.85625 0.1015625 0.1625
15 0.246875 0.84140625 0.140625 0.1359375
15 0.71328125 0.92265625 0.1609375 0.1546875
15 0.884375 0.76171875 0.15 0.1703125
15 0.815625 0.58671875 0.096875 0.1828125
15 0.490625 0.71015625 0.1375 0.1640625
15 0.39375 0.83046875 0.128125 0.1734375
15 0.3265625 0.71171875 0.10625 0.1140625
15 0.171875 0.7359375 0.190625 0.146875
15 0.48359375 0.453125 0.1109375 0.196875