16 0.35546875 0.6984375 0.1328125 0.540625
16 0.23125 0.71796875 0.1875 0.4890625
16 0.45625 0.57734375 0.121875 0.5578125
16 0.65234375 0.50078125 0.1109375 0.2921875
16 0.93515625 0.70625 0.1140625 0.31875
16 0.76796875 0.3328125 0.0703125 0.221875
16 0.87265625 0.43046875 0.0671875 0.1484375
16 0.7171875 0.32265625 0.034375 0.1421875
16 0.62890625 0.2953125 0.0484375 0.15
16 0.55078125 0.3390625 0.0296875 0.0875
16 0.14453125 0.3578125 0.0703125 0.265625
16 0.2578125 0.4109375 0.06875 0.228125
16 0.31484375 0.38515625 0.0390625 0.1203125
16 0.4359375 0.28515625 0.034375 0.1015625
16 0.4859375 0.2921875 0.05625 0.13125
16 0.853125 0.203125 0.034375 0.140625