0 0.3484375 0.16796875 0.153125 0.2421875
0 0.2765625 0.40234375 0.178125 0.2765625
0 0.32109375 0.83125 0.1921875 0.2875
0 0.525 0.8203125 0.165625 0.259375
0 0.725 0.7953125 0.196875 0.2625
0 0.625 0.5390625 0.190625 0.296875
0 0.41953125 0.5578125 0.1984375 0.296875
0 0.75390625 0.14765625 0.1703125 0.2296875
0 0.828125 0.59453125 0.1625 0.2203125
0 0.51484375 0.13125 0.1671875 0.2
0 0.4390625 0.32578125 0.146875 0.2015625
0 0.5953125 0.296875 0.16875 0.196875
0 0.75546875 0.396875 0.1609375 0.24375