16 0.2703125 0.65546875 0.084375 0.2203125
16 0.428125 0.8296875 0.19375 0.15
16 0.4625 0.6625 0.140625 0.228125
16 0.47734375 0.546875 0.1015625 0.178125
16 0.60625 0.646875 0.203125 0.325
16 0.65546875 0.81953125 0.2046875 0.1515625
16 0.65859375 0.465625 0.1703125 0.234375
16 0.31953125 0.39140625 0.0765625 0.1859375
16 0.42578125 0.3296875 0.0890625 0.28125
16 0.4890625 0.2875 0.13125 0.309375
16 0.59765625 0.28671875 0.2296875 0.2859375
16 0.72890625 0.33671875 0.0640625 0.2328125
16 0.78828125 0.459375 0.0984375 0.259375