13 0.12734375 0.5640625 0.2546875 0.41875
13 0.73984375 0.6078125 0.3515625 0.434375
13 0.36328125 0.640625 0.2421875 0.290625
13 0.16171875 0.8609375 0.2328125 0.278125
13 0.434375 0.89140625 0.303125 0.2171875
13 0.82890625 0.22109375 0.2140625 0.3140625
13 0.49296875 0.39765625 0.3140625 0.3078125
13 0.37265625 0.13515625 0.3296875 0.2703125
13 0.10234375 0.1703125 0.2046875 0.340625
13 0.6640625 0.10390625 0.259375 0.2046875
13 0.90546875 0.8375 0.1890625 0.325
13 0.7140625 0.89609375 0.221875 0.2078125