8 0.89375 0.5421875 0.19375 0.421875
8 0.66015625 0.53984375 0.1015625 0.2546875
8 0.5296875 0.69140625 0.1 0.3140625
8 0.43359375 0.71875 0.1234375 0.30625
8 0.30546875 0.5875 0.0859375 0.26875
8 0.278125 0.1765625 0.103125 0.34375
8 0.52734375 0.16015625 0.1359375 0.1859375
8 0.5265625 0.44765625 0.140625 0.4953125
8 0.66328125 0.834375 0.2546875 0.31875
8 0.66015625 0.9109375 0.0859375 0.178125
8 0.0875 0.5890625 0.175 0.325
8 0.17734375 0.2203125 0.1484375 0.140625
8 0.35234375 0.2890625 0.1046875 0.28125
8 0.59765625 0.29296875 0.1859375 0.1765625
8 0.67265625 0.15625 0.1140625 0.203125
8 0.2125 0.91484375 0.071875 0.1703125
8 0.3640625 0.8609375 0.046875 0.278125
8 0.04609375 0.80625 0.0921875 0.11875