11 0.3109375 0.81328125 0.134375 0.2046875
11 0.50859375 0.90859375 0.1546875 0.1734375
11 0.6765625 0.81484375 0.1 0.1765625
11 0.84140625 0.7453125 0.0921875 0.146875
11 0.75078125 0.73125 0.0921875 0.11875
11 0.8734375 0.63046875 0.109375 0.1015625
11 0.65859375 0.64296875 0.1015625 0.1546875
11 0.51875 0.60234375 0.140625 0.1984375
11 0.37734375 0.66875 0.1484375 0.178125
11 0.04375 0.9375 0.0875 0.103125
11 0.06484375 0.35625 0.1296875 0.265625
11 0.19140625 0.26953125 0.1640625 0.2078125
11 0.0734375 0.08984375 0.146875 0.1796875
11 0.371875 0.17109375 0.10625 0.1859375
11 0.4859375 0.1765625 0.06875 0.1
11 0.58671875 0.17265625 0.0703125 0.1046875
11 0.63515625 0.25859375 0.0859375 0.1296875
11 0.61953125 0.5171875 0.0765625 0.10625
11 0.7375 0.571875 0.13125 0.13125
11 0.7328125 0.4640625 0.1125 0.10625