8 0.2046875 0.5359375 0.10625 0.25
8 0.275 0.3796875 0.103125 0.28125
8 0.26328125 0.18046875 0.0828125 0.2421875
8 0.346875 0.275 0.0625 0.24375
8 0.3578125 0.45703125 0.059375 0.3390625
8 0.41796875 0.3609375 0.0859375 0.428125
8 0.46171875 0.3109375 0.0890625 0.471875
8 0.55546875 0.3234375 0.0953125 0.39375
8 0.62734375 0.49921875 0.0953125 0.3359375
8 0.73359375 0.37890625 0.0703125 0.2828125
8 0.76875 0.584375 0.11875 0.334375
8 0.82890625 0.4671875 0.0859375 0.2625
8 0.9390625 0.49375 0.121875 0.484375