9 0.10390625 0.65546875 0.1046875 0.1296875
9 0.19765625 0.80546875 0.0984375 0.0984375
9 0.2765625 0.6375 0.08125 0.0875
9 0.3140625 0.52890625 0.1 0.1109375
9 0.60625 0.62265625 0.115625 0.1328125
9 0.703125 0.75078125 0.078125 0.0640625
9 0.78515625 0.68515625 0.1046875 0.0984375
9 0.85234375 0.6234375 0.1390625 0.15625
9 0.74765625 0.58984375 0.0796875 0.0921875
9 0.68125 0.54921875 0.071875 0.1015625
9 0.73046875 0.45859375 0.0828125 0.1109375
9 0.8515625 0.44453125 0.0875 0.0890625
9 0.9625 0.3796875 0.075 0.0625