13 0.0921875 0.5453125 0.184375 0.2875
13 0.2140625 0.16015625 0.171875 0.2359375
13 0.4546875 0.14765625 0.2 0.2296875
13 0.9359375 0.2109375 0.128125 0.234375
13 0.7296875 0.45546875 0.215625 0.2984375
13 0.9453125 0.565625 0.109375 0.21875
13 0.81015625 0.775 0.2046875 0.253125
13 0.5296875 0.659375 0.18125 0.2625
13 0.28984375 0.7 0.2390625 0.246875
13 0.19609375 0.9328125 0.1890625 0.134375
13 0.40234375 0.91875 0.1765625 0.1625
13 0.65 0.91328125 0.2 0.1734375
13 0.93203125 0.94375 0.1359375 0.1125
13 0.05390625 0.78359375 0.1078125 0.1734375
13 0.40625 0.43828125 0.203125 0.2328125