10 0.075 0.296875 0.140625 0.35
10 0.18046875 0.51484375 0.0609375 0.4515625
10 0.3171875 0.7921875 0.2 0.346875
10 0.3875 0.803125 0.2 0.365625
10 0.56875 0.76171875 0.15625 0.4765625
10 0.6984375 0.74765625 0.14375 0.2796875
10 0.7859375 0.78828125 0.171875 0.4234375
10 0.9640625 0.2875 0.06875 0.353125
10 0.86484375 0.221875 0.0953125 0.371875
10 0.80078125 0.2328125 0.1890625 0.45625
10 0.7234375 0.28359375 0.121875 0.3953125
10 0.60390625 0.29921875 0.1421875 0.3078125
10 0.540625 0.41015625 0.1375 0.4015625
10 0.4296875 0.359375 0.090625 0.503125
10 0.296875 0.30859375 0.178125 0.5703125