13 0.3859375 0.2765625 0.3 0.3125
13 0.64609375 0.35078125 0.2609375 0.3015625
13 0.39453125 0.68125 0.2296875 0.28125
13 0.12421875 0.8703125 0.1765625 0.259375
13 0.059375 0.6875 0.11875 0.265625
13 0.6515625 0.8484375 0.240625 0.303125
13 0.6671875 0.60234375 0.240625 0.2546875
13 0.94609375 0.65390625 0.1078125 0.2234375
13 0.8546875 0.9015625 0.16875 0.190625
13 0.82734375 0.6078125 0.1203125 0.2
13 0.35703125 0.8546875 0.1484375 0.159375
13 0.5578125 0.890625 0.265625 0.21875
13 0.33671875 0.946875 0.1515625 0.10625