13 0.3546875 0.7234375 0.18125 0.165625
13 0.12578125 0.63359375 0.1359375 0.1703125
13 0.34921875 0.55234375 0.2609375 0.1765625
13 0.5078125 0.6703125 0.153125 0.1875
13 0.84140625 0.825 0.1515625 0.18125
13 0.9375 0.596875 0.125 0.234375
13 0.940625 0.396875 0.11875 0.153125
13 0.63671875 0.3703125 0.1734375 0.1625
13 0.63671875 0.5390625 0.2046875 0.240625
13 0.49296875 0.4421875 0.1296875 0.171875
13 0.4609375 0.27265625 0.18125 0.1859375
13 0.1984375 0.4296875 0.1625 0.228125
13 0.33359375 0.38984375 0.1515625 0.1921875