8 0.203125 0.678125 0.1125 0.43125
8 0.3328125 0.66640625 0.13125 0.5671875
8 0.50859375 0.3953125 0.0984375 0.465625
8 0.590625 0.45859375 0.11875 0.4796875
8 0.128125 0.31953125 0.096875 0.3609375
8 0.059375 0.3078125 0.11875 0.615625
8 0.7546875 0.77109375 0.059375 0.2546875
8 0.859375 0.57578125 0.11875 0.6546875
8 0.9109375 0.70390625 0.146875 0.5734375
8 0.675 0.44609375 0.090625 0.3265625
8 0.75390625 0.42421875 0.0921875 0.3421875
8 0.325 0.2890625 0.078125 0.2
8 0.97734375 0.821875 0.0453125 0.234375