8 0.15078125 0.4046875 0.0953125 0.15
8 0.29921875 0.4703125 0.0828125 0.1375
8 0.4640625 0.57265625 0.10625 0.2078125
8 0.47109375 0.41171875 0.0921875 0.1109375
8 0.75625 0.46796875 0.115625 0.1953125
8 0.840625 0.41015625 0.0875 0.1484375
8 0.95 0.24609375 0.065625 0.1765625
8 0.50546875 0.2734375 0.0921875 0.178125
8 0.34140625 0.11484375 0.0640625 0.1765625
8 0.2296875 0.15234375 0.05 0.1546875
8 0.34453125 0.24921875 0.0421875 0.0953125
8 0.3875 0.35234375 0.05625 0.0765625
8 0.5734375 0.4 0.09375 0.1875