8 0.21796875 0.66875 0.2734375 0.6625
8 0.46171875 0.64765625 0.2671875 0.2984375
8 0.81796875 0.75 0.1921875 0.48125
8 0.57734375 0.42421875 0.1640625 0.1359375
8 0.4203125 0.45 0.159375 0.090625
8 0.6609375 0.6875 0.171875 0.4
8 0.18984375 0.27109375 0.2921875 0.1421875
8 0.9015625 0.38828125 0.19375 0.1578125
8 0.8203125 0.46640625 0.14375 0.0921875
8 0.44296875 0.34296875 0.0734375 0.1453125
8 0.60546875 0.31328125 0.0703125 0.1171875
8 0.70703125 0.303125 0.0671875 0.109375
8 0.80390625 0.31640625 0.1046875 0.1796875