15 0.39765625 0.2609375 0.1609375 0.203125
15 0.5546875 0.12578125 0.165625 0.1859375
15 0.71171875 0.096875 0.1359375 0.16875
15 0.621875 0.2875 0.165625 0.171875
15 0.7640625 0.37265625 0.109375 0.1328125
15 0.70234375 0.47578125 0.1234375 0.1453125
15 0.33046875 0.48515625 0.2265625 0.2359375
15 0.22578125 0.6734375 0.1859375 0.25
15 0.05703125 0.71796875 0.1140625 0.2203125
15 0.44453125 0.76875 0.2296875 0.23125
15 0.49765625 0.55390625 0.1171875 0.1609375
15 0.5921875 0.525 0.128125 0.215625
15 0.7046875 0.7765625 0.18125 0.228125
15 0.7359375 0.6140625 0.15625 0.121875