9 0.1296875 0.68828125 0.1375 0.6109375
9 0.31953125 0.84453125 0.0734375 0.2421875
9 0.41953125 0.61328125 0.1203125 0.6609375
9 0.58828125 0.75546875 0.1078125 0.3578125
9 0.73046875 0.83984375 0.0890625 0.2609375
9 0.725 0.72421875 0.08125 0.3234375
9 0.678125 0.56796875 0.10625 0.5640625
9 0.84609375 0.41796875 0.1609375 0.8078125
9 0.95 0.375 0.06875 0.24375
9 0.2578125 0.78515625 0.065625 0.2140625
9 0.25625 0.559375 0.103125 0.378125
9 0.15703125 0.30390625 0.1421875 0.4421875
9 0.3234375 0.47578125 0.15 0.6765625
9 0.403125 0.1796875 0.103125 0.190625
9 0.5515625 0.39375 0.103125 0.26875